{5: {72: {1: {6: {'sim_matrix': [[0.0]], 'list_estate_id': [161]}}, 5: {6: {'sim_matrix': [[0.0]], 'list_estate_id': [1161]}}}, 79: {5: {6: {'sim_matrix': [[0.0, 1080.0, 230.8679276123039, 49.0, 3587.3039235615374, 930.0, 800.2499609497023, 50.00999900019995, 50.00999900019995, 321.5960198758685, 1616.4467204334326, 22.360679774997898, 510.09802979427394, 85.0, 1049.0476633594872, 530.0, 181.0, 181.0, 5223.830012548265, 5223.830012548265, 9900.005050503762], [1080.0, 0.0, 850.235261559999, 1031.0, 2510.4480556267245, 150.0, 280.713376952364, 1031.0484954646895, 1031.0484954646895, 1400.3656665314243, 763.2168761236874, 1060.0471687618433, 570.087712549569, 1165.0, 32.57299494980466, 550.0, 1261.0, 1261.0, 4850.773134253961, 4850.773134253961, 9959.824295638955], [230.8679276123039, 850.235261559999, 0.0, 182.10161998181127, 3359.226315686396, 700.2856560004639, 570.0, 181.27603261324978, 181.27603261324978, 552.4527129085349, 1418.238343861849, 212.13203435596427, 280.178514522438, 315.6342820417326, 819.0610477858168, 300.66592756745814, 411.4863302711282, 411.4863302711282, 5145.959580097769, 5145.959580097769, 9922.90280109606], [49.0, 1031.0, 182.10161998181127, 0.0, 3538.405070084543, 881.0, 751.2662643830082, 10.0, 10.0, 370.3849348988158, 1571.706397518315, 30.675723300355934, 461.1084471141252, 134.0, 1000.0499987500625, 481.0, 230.0, 230.0, 5202.63020019682, 5202.63020019682, 9900.175806519801], [3587.3039235615374, 2510.4480556267245, 3359.226315686396, 3538.405070084543, 0.0, 2659.8589135516195, 2791.1111479122433, 3539.0657580779703, 3539.0657580779703, 3904.9622584603812, 2141.8238583039456, 3566.717460074459, 3079.273524713256, 3672.1348613578994, 2542.240437094808, 3058.5698357238794, 3767.953083572034, 3767.953083572034, 4656.35366354404, 4656.35366354404, 10316.017130656579], [930.0, 150.0, 700.2856560004639, 881.0, 2659.8589135516195, 0.0, 131.52946437965906, 881.0567518610819, 881.0567518610819, 1250.4095329131171, 851.46931829632, 910.0549433962765, 420.11903075200007, 1015.0, 119.41942890501528, 400.0, 1111.0, 1111.0, 4890.0408996244605, 4890.0408996244605, 9944.526132501236], [800.2499609497023, 280.713376952364, 570.0, 751.2662643830082, 2791.1111479122433, 131.52946437965906, 0.0, 751.0665749452575, 751.0665749452575, 1121.206493024367, 954.6203433826455, 780.5767098754612, 290.17236257093816, 885.2259598543188, 249.20072231034965, 270.7397274136177, 981.2038524180385, 981.2038524180385, 4946.59478833672, 4946.59478833672, 9953.01461869719], [50.00999900019995, 1031.0484954646895, 181.27603261324978, 10.0, 3539.0657580779703, 881.0567518610819, 751.0665749452575, 0.0, 0.0, 371.3825520941984, 1575.8683320633104, 35.22782990761707, 461.0, 134.3726162579266, 1000.0, 481.10393887391945, 230.21728866442677, 230.21728866442677, 5211.665856518432, 5211.665856518432, 9910.175629119798], [50.00999900019995, 1031.0484954646895, 181.27603261324978, 10.0, 3539.0657580779703, 881.0567518610819, 751.0665749452575, 0.0, 0.0, 371.3825520941984, 1575.8683320633104, 35.22782990761707, 461.0, 134.3726162579266, 1000.0, 481.10393887391945, 230.21728866442677, 230.21728866442677, 5211.665856518432, 5211.665856518432, 9910.175629119798], [321.5960198758685, 1400.3656665314243, 552.4527129085349, 370.3849348988158, 3904.9622584603812, 1250.4095329131171, 1121.206493024367, 371.3825520941984, 371.3825520941984, 0.0, 1903.1353078538582, 340.71102124821266, 831.0619712151434, 237.16871631815187, 1369.644114359639, 850.6021396634269, 142.63590010933433, 142.63590010933433, 5343.240964059173, 5343.240964059173, 9872.868073665322], [1616.4467204334326, 763.2168761236874, 1418.238343861849, 1571.706397518315, 2141.8238583039456, 851.46931829632, 954.6203433826455, 1575.8683320633104, 1575.8683320633104, 1903.1353078538582, 0.0, 1594.114174079134, 1173.243367763057, 1694.6164757844176, 788.2645495009908, 1151.0864433221338, 1783.653834128136, 1783.653834128136, 4128.256290493602, 4128.256290493602, 9369.236895286616], [22.360679774997898, 1060.0471687618433, 212.13203435596427, 30.675723300355934, 3566.717460074459, 910.0549433962765, 780.5767098754612, 35.22782990761707, 35.22782990761707, 340.71102124821266, 1594.114174079134, 0.0, 490.40799340956914, 105.47511554864494, 1029.1943451068898, 510.09802979427394, 201.2486024796197, 201.2486024796197, 5206.12139697107, 5206.12139697107, 9890.045500400896], [510.09802979427394, 570.087712549569, 280.178514522438, 461.1084471141252, 3079.273524713256, 420.11903075200007, 290.17236257093816, 461.0, 461.0, 831.0619712151434, 1173.243367763057, 490.40799340956914, 0.0, 595.0840276801251, 539.0, 22.360679774997898, 691.0723551119665, 691.0723551119665, 5031.600143095634, 5031.600143095634, 9923.633407175015], [85.0, 1165.0, 315.6342820417326, 134.0, 3672.1348613578994, 1015.0, 885.2259598543188, 134.3726162579266, 134.3726162579266, 237.16871631815187, 1694.6164757844176, 105.47511554864494, 595.0840276801251, 0.0, 1134.044090853614, 615.0, 96.0, 96.0, 5261.48505652159, 5261.48505652159, 9900.284086833064], [1049.0476633594872, 32.57299494980466, 819.0610477858168, 1000.0499987500625, 2542.240437094808, 119.41942890501528, 249.20072231034965, 1000.0, 1000.0, 1369.644114359639, 788.2645495009908, 1029.1943451068898, 539.0, 1134.044090853614, 0.0, 519.0963301738898, 1230.0406497347963, 1230.0406497347963, 4868.209219004459, 4868.209219004459, 9966.422678172947], [530.0, 550.0, 300.66592756745814, 481.0, 3058.5698357238794, 400.0, 270.7397274136177, 481.10393887391945, 481.10393887391945, 850.6021396634269, 1151.0864433221338, 510.09802979427394, 22.360679774997898, 615.0, 519.0963301738898, 0.0, 711.0, 711.0, 5015.226814412285, 5015.226814412285, 9914.716334822697], [181.0, 1261.0, 411.4863302711282, 230.0, 3767.953083572034, 1111.0, 981.2038524180385, 230.21728866442677, 230.21728866442677, 142.63590010933433, 1783.653834128136, 201.2486024796197, 691.0723551119665, 96.0, 1230.0406497347963, 711.0, 0.0, 0.0, 5305.329490239037, 5305.329490239037, 9901.47670804714], [181.0, 1261.0, 411.4863302711282, 230.0, 3767.953083572034, 1111.0, 981.2038524180385, 230.21728866442677, 230.21728866442677, 142.63590010933433, 1783.653834128136, 201.2486024796197, 691.0723551119665, 96.0, 1230.0406497347963, 711.0, 0.0, 0.0, 5305.329490239037, 5305.329490239037, 9901.47670804714], [5223.830012548265, 4850.773134253961, 5145.959580097769, 5202.63020019682, 4656.35366354404, 4890.0408996244605, 4946.59478833672, 5211.665856518432, 5211.665856518432, 5343.240964059173, 4128.256290493602, 5206.12139697107, 5031.600143095634, 5261.48505652159, 4868.209219004459, 5015.226814412285, 5305.329490239037, 5305.329490239037, 0.0, 0.0, 5681.909890168974], [5223.830012548265, 4850.773134253961, 5145.959580097769, 5202.63020019682, 4656.35366354404, 4890.0408996244605, 4946.59478833672, 5211.665856518432, 5211.665856518432, 5343.240964059173, 4128.256290493602, 5206.12139697107, 5031.600143095634, 5261.48505652159, 4868.209219004459, 5015.226814412285, 5305.329490239037, 5305.329490239037, 0.0, 0.0, 5681.909890168974], [9900.005050503762, 9959.824295638955, 9922.90280109606, 9900.175806519801, 10316.017130656579, 9944.526132501236, 9953.01461869719, 9910.175629119798, 9910.175629119798, 9872.868073665322, 9369.236895286616, 9890.045500400896, 9923.633407175015, 9900.284086833064, 9966.422678172947, 9914.716334822697, 9901.47670804714, 9901.47670804714, 5681.909890168974, 5681.909890168974, 0.0]], 'list_estate_id': [180, 726, 1021, 1101, 1194, 1212, 1282, 2005, 2008, 2180, 2304, 2328, 2536, 2800, 2995, 3097, 3325, 3327, 3358, 3367, 3535]}}, 1: {6: {'sim_matrix': [[0.0]], 'list_estate_id': [1412]}}}, 71: {5: {6: {'sim_matrix': [[0.0, 100.0, 200.0, 350.0, 9104.94371207203, 600.0, 1701.7656272236786, 850.0, 500.0, 869.2163136987248, 300.0, 200.0, 1603.1219541881396, 304.7950130825634, 640.3124237432849, 700.2856560004639, 30.0, 545.8250635505849, 75.0, 680.0, 300.0, 25.0, 300.0, 618.4278454274192, 5846.040882511856], [100.0, 0.0, 100.0, 250.0, 9183.13671900838, 500.0, 1801.6676302803467, 750.0, 400.0, 954.1158210615732, 200.0, 100.0, 1503.3296378372909, 378.02116342871597, 540.3702434442519, 600.3332407921454, 130.0, 645.6972975009265, 175.0, 580.0, 200.0, 103.07764064044152, 400.0, 518.5103663380319, 5945.888831789575], [200.0, 100.0, 0.0, 150.0, 9261.749294814668, 400.0, 1901.5799352117701, 650.0, 300.0, 1041.6990928286345, 100.0, 0.0, 1403.56688476182, 461.41087980237313, 440.45431091090484, 500.39984012787215, 230.0, 745.6037821792484, 275.0, 480.0, 100.0, 201.55644370746373, 500.0, 418.63229689072006, 6045.741807255748], [350.0, 250.0, 150.0, 0.0, 9380.4317597859, 250.0, 2051.464415972161, 500.0, 150.0, 1176.7909754922493, 50.0, 150.0, 1253.9936203984453, 596.1543424315552, 290.68883707497264, 350.5709628591621, 380.0, 895.5026521457097, 425.0, 330.0, 50.0, 350.891721190455, 650.0, 268.9851297005097, 6195.530162948124], [9104.94371207203, 9183.13671900838, 9261.749294814668, 9380.4317597859, 0.0, 9580.18788959799, 7795.67227697522, 9782.254341408221, 9500.0, 8239.619954828015, 9340.770846134703, 9261.749294814668, 10346.4969917359, 8805.163257998116, 9624.240229753204, 9672.559123623903, 9081.569247657588, 8667.00207684295, 9046.58084582236, 9644.604709369898, 9340.770846134703, 9120.615384939769, 8872.992730753249, 9581.015238480732, 5521.394207987689], [600.0, 500.0, 400.0, 250.0, 9580.18788959799, 0.0, 2301.305336108184, 250.0, 100.0, 1408.6649708145653, 300.0, 400.0, 1004.987562112089, 832.4061508662703, 44.721359549995796, 101.9803902718557, 630.0, 1145.3929456741037, 675.0, 80.0, 300.0, 600.5206074732157, 900.0, 29.206163733020468, 6445.1992987028725], [1701.7656272236786, 1801.6676302803467, 1901.5799352117701, 2051.464415972161, 7795.67227697522, 2301.305336108184, 0.0, 2551.1774242494384, 2201.3646335852677, 1056.11942979949, 2001.5009992503126, 1901.5799352117701, 3300.076703654023, 1507.7321545951058, 2342.030369145541, 2401.9796522868382, 1671.7973112790917, 1155.9763189615953, 1626.8470272278214, 2381.261482911946, 2001.5009992503126, 1703.087270224283, 1402.1434484388535, 2318.640603888408, 4144.396849965023], [850.0, 750.0, 650.0, 500.0, 9782.254341408221, 250.0, 2551.1774242494384, 0.0, 350.0, 1645.8544893155045, 550.0, 650.0, 756.6372975210778, 1074.8953437428222, 210.95023109728987, 151.32745950421557, 880.0, 1395.3225433569114, 925.0, 170.0, 550.0, 850.3675675847475, 1150.0, 233.13729860320507, 6694.893128347905], [500.0, 400.0, 300.0, 150.0, 9500.0, 100.0, 2201.3646335852677, 350.0, 0.0, 1315.1186258281039, 200.0, 300.0, 1104.536101718726, 736.8174807915458, 141.4213562373095, 200.9975124224178, 530.0, 1045.4305333210812, 575.0, 180.0, 200.0, 500.62460986251966, 800.0, 120.22063050907694, 6345.32851789409], [869.2163136987248, 954.1158210615732, 1041.6990928286345, 1176.7909754922493, 8239.619954828015, 1408.6649708145653, 1056.11942979949, 1645.8544893155045, 1315.1186258281039, 0.0, 1131.3430072263673, 1041.6990928286345, 2355.023779073154, 581.0137692000079, 1453.0991019197554, 1509.5618569638013, 844.3914968780773, 485.22365976938926, 807.8130971951371, 1484.1081496979928, 1131.3430072263673, 883.2960998442142, 641.1996568932332, 1418.0014104365341, 5115.3792625767255], [300.0, 200.0, 100.0, 50.0, 9340.770846134703, 300.0, 2001.5009992503126, 550.0, 200.0, 1131.3430072263673, 0.0, 100.0, 1303.8404810405298, 550.3635162326806, 340.58772731852804, 400.4996878900157, 330.0, 845.5323766716447, 375.0, 380.0, 0.0, 301.0398644698074, 600.0, 318.8306760648981, 6145.599563915632], [200.0, 100.0, 0.0, 150.0, 9261.749294814668, 400.0, 1901.5799352117701, 650.0, 300.0, 1041.6990928286345, 100.0, 0.0, 1403.56688476182, 461.41087980237313, 440.45431091090484, 500.39984012787215, 230.0, 745.6037821792484, 275.0, 480.0, 100.0, 201.55644370746373, 500.0, 418.63229689072006, 6045.741807255748], [1603.1219541881396, 1503.3296378372909, 1403.56688476182, 1253.9936203984453, 10346.4969917359, 1004.987562112089, 3300.076703654023, 756.6372975210778, 1104.536101718726, 2355.023779073154, 1303.8404810405298, 1403.56688476182, 0.0, 1804.6883387443938, 967.470929795826, 907.9647570252934, 1633.064603743526, 2146.14188720131, 1677.9824194549835, 925.418824100742, 1303.8404810405298, 1604.8753845704034, 1902.6297590440447, 985.0142130954254, 7440.40281167626], [304.7950130825634, 378.02116342871597, 461.41087980237313, 596.1543424315552, 8805.163257998116, 832.4061508662703, 1507.7321545951058, 1074.8953437428222, 736.8174807915458, 581.0137692000079, 550.3635162326806, 461.41087980237313, 1804.6883387443938, 0.0, 876.4131445842195, 934.0770846134702, 286.0069929215018, 398.7793876318083, 261.7728022541685, 909.5603333479313, 550.3635162326806, 324.07560846197606, 250.79872407968904, 843.7849252030994, 5637.800457625296], [640.3124237432849, 540.3702434442519, 440.45431091090484, 290.68883707497264, 9624.240229753204, 44.721359549995796, 2342.030369145541, 210.95023109728987, 141.4213562373095, 1453.0991019197554, 340.58772731852804, 440.45431091090484, 967.470929795826, 876.4131445842195, 0.0, 60.0, 670.2984409947558, 1186.0543832388125, 715.2796655854268, 44.721359549995796, 340.58772731852804, 640.0195309519859, 940.2127418834526, 48.30113870293329, 6486.1817735860595], [700.2856560004639, 600.3332407921454, 500.39984012787215, 350.5709628591621, 9672.559123623903, 101.9803902718557, 2401.9796522868382, 151.32745950421557, 200.9975124224178, 1509.5618569638013, 400.4996878900157, 500.39984012787215, 907.9647570252934, 934.0770846134702, 60.0, 0.0, 730.2739212103908, 1246.0036115517482, 775.2580215644338, 28.284271247461902, 400.4996878900157, 700.0178569150933, 1000.199980003999, 92.59049627256569, 6546.097616137419], [30.0, 130.0, 230.0, 380.0, 9081.569247657588, 630.0, 1671.7973112790917, 880.0, 530.0, 844.3914968780773, 330.0, 230.0, 1633.064603743526, 286.0069929215018, 670.2984409947558, 730.2739212103908, 0.0, 515.8730463980455, 45.0, 710.0, 330.0, 39.05124837953327, 270.0, 648.4080505360803, 5816.087516535493], [545.8250635505849, 645.6972975009265, 745.6037821792484, 895.5026521457097, 8667.00207684295, 1145.3929456741037, 1155.9763189615953, 1395.3225433569114, 1045.4305333210812, 485.22365976938926, 845.5323766716447, 745.6037821792484, 2146.14188720131, 398.7793876318083, 1186.0543832388125, 1246.0036115517482, 515.8730463980455, 0.0, 470.95647357266466, 1225.367291876195, 845.5323766716447, 547.768199149969, 246.82990094394967, 1163.0210660172927, 5300.215938997203], [75.0, 175.0, 275.0, 425.0, 9046.58084582236, 675.0, 1626.8470272278214, 925.0, 575.0, 807.8130971951371, 375.0, 275.0, 1677.9824194549835, 261.7728022541685, 715.2796655854268, 775.2580215644338, 45.0, 470.95647357266466, 0.0, 755.0, 375.0, 79.05694150420949, 225.0, 693.3815688349381, 5771.158375924196], [680.0, 580.0, 480.0, 330.0, 9644.604709369898, 80.0, 2381.261482911946, 170.0, 180.0, 1484.1081496979928, 380.0, 480.0, 925.418824100742, 909.5603333479313, 44.721359549995796, 28.284271247461902, 710.0, 1225.367291876195, 755.0, 0.0, 380.0, 680.4594036384536, 980.0, 66.12866246946176, 6525.0987731987625], [300.0, 200.0, 100.0, 50.0, 9340.770846134703, 300.0, 2001.5009992503126, 550.0, 200.0, 1131.3430072263673, 0.0, 100.0, 1303.8404810405298, 550.3635162326806, 340.58772731852804, 400.4996878900157, 330.0, 845.5323766716447, 375.0, 380.0, 0.0, 301.0398644698074, 600.0, 318.8306760648981, 6145.599563915632], [25.0, 103.07764064044152, 201.55644370746373, 350.891721190455, 9120.615384939769, 600.5206074732157, 1703.087270224283, 850.3675675847475, 500.62460986251966, 883.2960998442142, 301.0398644698074, 201.55644370746373, 1604.8753845704034, 324.07560846197606, 640.0195309519859, 700.0178569150933, 39.05124837953327, 547.768199149969, 79.05694150420949, 680.4594036384536, 301.0398644698074, 0.0, 301.0398644698074, 619.8612748026771, 5847.483988862218], [300.0, 400.0, 500.0, 650.0, 8872.992730753249, 900.0, 1402.1434484388535, 1150.0, 800.0, 641.1996568932332, 600.0, 500.0, 1902.6297590440447, 250.79872407968904, 940.2127418834526, 1000.199980003999, 270.0, 246.82990094394967, 225.0, 980.0, 600.0, 301.0398644698074, 0.0, 918.2880811597197, 5546.529906166557], [618.4278454274192, 518.5103663380319, 418.63229689072006, 268.9851297005097, 9581.015238480732, 29.206163733020468, 2318.640603888408, 233.13729860320507, 120.22063050907694, 1418.0014104365341, 318.8306760648981, 418.63229689072006, 985.0142130954254, 843.7849252030994, 48.30113870293329, 92.59049627256569, 648.4080505360803, 1163.0210660172927, 693.3815688349381, 66.12866246946176, 318.8306760648981, 619.8612748026771, 918.2880811597197, 0.0, 6462.0607394236085], [5846.040882511856, 5945.888831789575, 6045.741807255748, 6195.530162948124, 5521.394207987689, 6445.1992987028725, 4144.396849965023, 6694.893128347905, 6345.32851789409, 5115.3792625767255, 6145.599563915632, 6045.741807255748, 7440.40281167626, 5637.800457625296, 6486.1817735860595, 6546.097616137419, 5816.087516535493, 5300.215938997203, 5771.158375924196, 6525.0987731987625, 6145.599563915632, 5847.483988862218, 5546.529906166557, 6462.0607394236085, 0.0]], 'list_estate_id': [217, 256, 269, 483, 564, 606, 615, 799, 873, 957, 1005, 1116, 1286, 1358, 1383, 1767, 1817, 1836, 2210, 2529, 2541, 3210, 3256, 3306, 3569]}}, 3: {6: {'sim_matrix': [[0.0, 90.0499861188218, 97.5, 90.0499861188218, 90.0, 0.0, 4990.000901803526, 3490.0008954153577, 3490.0008954153577, 7412.767516251943, 0.0], [90.0499861188218, 0.0, 132.72245476934188, 0.0, 3.0, 90.0499861188218, 4900.0, 3400.0022426463192, 3400.0022426463192, 7502.733318597962, 90.0499861188218], [97.5, 132.72245476934188, 0.0, 132.72245476934188, 132.68854509715598, 97.5, 4990.953340795724, 3491.4323708186016, 3491.4323708186016, 7416.07146675381, 97.5], [90.0499861188218, 0.0, 132.72245476934188, 0.0, 3.0, 90.0499861188218, 4900.0, 3400.0022426463192, 3400.0022426463192, 7502.733318597962, 90.0499861188218], [90.0, 3.0, 132.68854509715598, 3.0, 0.0, 90.0, 4900.000918367261, 3400.0009191175227, 3400.0009191175227, 7502.734318233586, 90.0], [0.0, 90.0499861188218, 97.5, 90.0499861188218, 90.0, 0.0, 4990.000901803526, 3490.0008954153577, 3490.0008954153577, 7412.767516251943, 0.0], [4990.000901803526, 4900.0, 4990.953340795724, 4900.0, 4900.000918367261, 4990.000901803526, 0.0, 1500.0050833247199, 1500.0050833247199, 12401.653407912994, 4990.000901803526], [3490.0008954153577, 3400.0022426463192, 3491.4323708186016, 3400.0022426463192, 3400.0009191175227, 3490.0008954153577, 1500.0050833247199, 0.0, 0.0, 10901.835441796029, 3490.0008954153577], [3490.0008954153577, 3400.0022426463192, 3491.4323708186016, 3400.0022426463192, 3400.0009191175227, 3490.0008954153577, 1500.0050833247199, 0.0, 0.0, 10901.835441796029, 3490.0008954153577], [7412.767516251943, 7502.733318597962, 7416.07146675381, 7502.733318597962, 7502.734318233586, 7412.767516251943, 12401.653407912994, 10901.835441796029, 10901.835441796029, 0.0, 7412.767516251943], [0.0, 90.0499861188218, 97.5, 90.0499861188218, 90.0, 0.0, 4990.000901803526, 3490.0008954153577, 3490.0008954153577, 7412.767516251943, 0.0]], 'list_estate_id': [242, 278, 285, 319, 387, 620, 931, 1206, 1207, 1323, 2241]}}, 1: {6: {'sim_matrix': [[0.0, 352.16615396712956, 2250.910926713894, 2251.643843950459, 751.1224933391358, 2750.0472723209687, 800.0781211856752, 1842.00977196105], [352.16615396712956, 0.0, 1902.790845048399, 1900.5822791976148, 1100.003636357626, 3100.08596654996, 452.77367414636643, 2190.505192872183], [2250.910926713894, 1902.790845048399, 0.0, 150.0, 3001.8369376100363, 5000.641558840225, 1450.9682973793742, 4092.7496869464176], [2251.643843950459, 1900.5822791976148, 150.0, 0.0, 3000.3374810177606, 5000.49157583532, 1453.240860972468, 4090.0], [751.1224933391358, 1100.003636357626, 3001.8369376100363, 3000.3374810177606, 0.0, 2000.1602435804987, 1550.8720127721695, 1090.9285036151543], [2750.0472723209687, 3100.08596654996, 5000.641558840225, 5000.49157583532, 2000.1602435804987, 0.0, 3550.1049280267757, 912.6971020004391], [800.0781211856752, 452.77367414636643, 1450.9682973793742, 1453.240860972468, 1550.8720127721695, 3550.1049280267757, 0.0, 2641.781406551269], [1842.00977196105, 2190.505192872183, 4092.7496869464176, 4090.0, 1090.9285036151543, 912.6971020004391, 2641.781406551269, 0.0]], 'list_estate_id': [942, 1184, 2150, 2213, 2496, 2714, 3261, 3578]}, 5: {'sim_matrix': [[0.0]], 'list_estate_id': [5178]}}, 7: {6: {'sim_matrix': [[0.0]], 'list_estate_id': [1055]}, 5: {'sim_matrix': [[0.0, 750.5997601918082], [750.5997601918082, 0.0]], 'list_estate_id': [4963, 5082]}}, 4: {6: {'sim_matrix': [[0.0, 4001.8865351231534], [4001.8865351231534, 0.0]], 'list_estate_id': [1848, 3226]}, 5: {'sim_matrix': [[0.0]], 'list_estate_id': [4335]}}, 2: {6: {'sim_matrix': [[0.0]], 'list_estate_id': [2116]}, 5: {'sim_matrix': [[0.0]], 'list_estate_id': [4035]}}}, 75: {1: {6: {'sim_matrix': [[0.0]], 'list_estate_id': [367]}}, 5: {6: {'sim_matrix': [[0.0, 2668.400286688637, 28301.943396169812, 608.276253029822, 2002.4984394500786, 69101.66423466225, 500.0, 541.2947441089743, 30514.527687644128, 1473.3974345029924, 1402.5537993246462, 96778.9233252778, 1602.817831196047, 1900.0, 6082.76253029822, 514.9067876810326, 92.5, 6095.539352674216], [2668.400286688637, 0.0, 25793.630223177195, 2061.62559403981, 781.2170569054416, 66455.89484831275, 2184.1154021708653, 2127.273863422385, 27848.831431318624, 1235.7993728757108, 1306.1188651880043, 94217.47268999525, 1120.4142492846117, 2906.754219056025, 3423.413514315792, 2153.5587500692895, 2649.1245421837, 3470.254182333046], [28301.943396169812, 25793.630223177195, 0.0, 27741.124706831913, 26570.848687988873, 41780.856860528846, 27879.2037189013, 27794.837650182453, 11168.545115636145, 27011.310593897513, 27078.204467061696, 68529.99343353245, 26905.7433459847, 27342.45782661098, 22803.50850198276, 27813.21860195256, 28253.027382034656, 22355.214156880716], [608.276253029822, 2061.62559403981, 27741.124706831913, 0.0, 1400.0, 68504.37942204863, 141.4213562373095, 70.71067811865476, 29906.360527486457, 870.0, 800.148211270887, 96206.08088889184, 1000.0124999218759, 1897.3665961010277, 5474.486277268397, 102.61091559868278, 600.0468731690884, 5500.327262990812], [2002.4984394500786, 781.2170569054416, 26570.848687988873, 1400.0, 0.0, 67194.12176671409, 1503.3296378372909, 1470.0340132119393, 28531.21799012443, 530.0, 600.1976007949381, 94986.15688614841, 400.03124877939223, 2690.724809414742, 4100.0, 1500.17632297007, 2000.0140624505618, 4234.808142053191], [69101.66423466225, 66455.89484831275, 41780.856860528846, 68504.37942204863, 67194.12176671409, 0.0, 68633.00955079851, 68566.50056696784, 39374.311422550614, 67689.72521734743, 67760.65493455624, 30348.640826238003, 67569.88252912683, 68464.95453880036, 63138.2609833372, 68590.0949773362, 69069.5921245377, 63006.31396931581], [500.0, 2184.1154021708653, 27879.2037189013, 141.4213562373095, 1503.3296378372909, 68633.00955079851, 0.0, 114.0175425099138, 30023.097774879927, 975.1410154434076, 903.9674551663904, 96342.1506922074, 1104.094651739605, 1964.68827043885, 5590.169943749474, 123.0, 508.48426720991085, 5630.772593525688], [541.2947441089743, 2127.273863422385, 27794.837650182453, 70.71067811865476, 1470.0340132119393, 68566.50056696784, 114.0175425099138, 0.0, 29973.351497622018, 940.0531899844817, 870.3707026319303, 96262.33427462686, 1070.1051350217883, 1866.815470259447, 5541.93107138658, 32.69556544854363, 530.2888363901318, 5561.600489067872], [30514.527687644128, 27848.831431318624, 11168.545115636145, 29906.360527486457, 28531.21799012443, 39374.311422550614, 30023.097774879927, 29973.351497622018, 0.0, 29051.52835910703, 29123.176701040014, 68533.03145199401, 28924.820224160427, 30224.863936831873, 24433.100499117994, 30000.48081281365, 30497.7483800034, 24539.486547195727], [1473.3974345029924, 1235.7993728757108, 27011.310593897513, 870.0, 530.0, 67689.72521734743, 975.1410154434076, 940.0531899844817, 29051.52835910703, 0.0, 71.67398412255314, 95447.4038410684, 130.09611831257686, 2323.9836488237174, 4618.538729944787, 970.2726420960245, 1470.0191325285532, 4704.944207958262], [1402.5537993246462, 1306.1188651880043, 27078.204467061696, 800.148211270887, 600.1976007949381, 67760.65493455624, 903.9674551663904, 870.3707026319303, 29123.176701040014, 71.67398412255314, 0.0, 95515.93980671499, 200.27021745631578, 2292.5263706225933, 4690.197987292221, 900.8188275119476, 1400.0222891082842, 4774.650265726276], [96778.9233252778, 94217.47268999525, 68529.99343353245, 96206.08088889184, 94986.15688614841, 30348.640826238003, 96342.1506922074, 96262.33427462686, 68533.03145199401, 95447.4038410684, 95515.93980671499, 0.0, 95336.66149493594, 95870.58985945585, 91071.18095204432, 96282.20567166085, 96734.03514921726, 90751.50467072158], [1602.817831196047, 1120.4142492846117, 26905.7433459847, 1000.0124999218759, 400.03124877939223, 67569.88252912683, 1104.094651739605, 1070.1051350217883, 28924.820224160427, 130.09611831257686, 200.27021745631578, 95336.66149493594, 0.0, 2412.0582497112296, 4492.106966669427, 1100.3563059300384, 1600.0019531238079, 4590.667162842456], [1900.0, 2906.754219056025, 27342.45782661098, 1897.3665961010277, 2690.724809414742, 68464.95453880036, 1964.68827043885, 1866.815470259447, 30224.863936831873, 2323.9836488237174, 2292.5263706225933, 95870.58985945585, 2412.0582497112296, 0.0, 6067.124524847005, 1846.0035211234024, 1807.5, 5705.926743308224], [6082.76253029822, 3423.413514315792, 22803.50850198276, 5474.486277268397, 4100.0, 63138.2609833372, 5590.169943749474, 5541.93107138658, 24433.100499117994, 4618.538729944787, 4690.197987292221, 91071.18095204432, 4492.106966669427, 6067.124524847005, 0.0, 5569.481932819245, 6068.241611043515, 1198.1652640600128], [514.9067876810326, 2153.5587500692895, 27813.21860195256, 102.61091559868278, 1500.17632297007, 68590.0949773362, 123.0, 32.69556544854363, 30000.48081281365, 970.2726420960245, 900.8188275119476, 96282.20567166085, 1100.3563059300384, 1846.0035211234024, 5569.481932819245, 0.0, 500.9293862412146, 5584.744309276835], [92.5, 2649.1245421837, 28253.027382034656, 600.0468731690884, 2000.0140624505618, 69069.5921245377, 508.48426720991085, 530.2888363901318, 30497.7483800034, 1470.0191325285532, 1400.0222891082842, 96734.03514921726, 1600.0019531238079, 1807.5, 6068.241611043515, 500.9293862412146, 0.0, 6063.378286895846], [6095.539352674216, 3470.254182333046, 22355.214156880716, 5500.327262990812, 4234.808142053191, 63006.31396931581, 5630.772593525688, 5561.600489067872, 24539.486547195727, 4704.944207958262, 4774.650265726276, 90751.50467072158, 4590.667162842456, 5705.926743308224, 1198.1652640600128, 5584.744309276835, 6063.378286895846, 0.0]], 'list_estate_id': [439, 657, 890, 912, 977, 1014, 1334, 2065, 2155, 2397, 2707, 2740, 2803, 3349, 3363, 3429, 3641, 3658]}}, 7: {6: {'sim_matrix': [[0.0]], 'list_estate_id': [2886]}, 5: {'sim_matrix': [[0.0]], 'list_estate_id': [4346]}}, 4: {5: {'sim_matrix': [[0.0, 400.0], [400.0, 0.0]], 'list_estate_id': [4663, 4667]}}}, 76: {3: {6: {'sim_matrix': [[0.0, 2210.7649301542665, 8103.857106341399, 1403.9319784092106, 1701.8813119603847, 3601.9007482161414], [2210.7649301542665, 0.0, 5893.655196599136, 3608.0075355242816, 508.9345502125003, 1392.024531536711], [8103.857106341399, 5893.655196599136, 0.0, 9501.106514506613, 6402.257414381274, 4501.965015412714], [1403.9319784092106, 3608.0075355242816, 9501.106514506613, 0.0, 3100.1008048126437, 5000.014399979264], [1701.8813119603847, 508.9345502125003, 6402.257414381274, 3100.1008048126437, 0.0, 1900.3602290092265], [3601.9007482161414, 1392.024531536711, 4501.965015412714, 5000.014399979264, 1900.3602290092265, 0.0]], 'list_estate_id': [379, 469, 1510, 2296, 3645, 3657]}}, 5: {6: {'sim_matrix': [[0.0, 750.066663703967, 66602.8527917536, 32139.354769503385, 1250.3599481749245, 52146.044912342106, 1104.653791918536, 100.0, 730.0027397208862, 700.0, 1317.7818484104264, 2450.0, 620.0, 3613.86219991853, 3613.86219991853, 4295.346318982906, 660.0, 1199.0, 1139.5617578701033, 7685.024658385944, 2657.0660511172846, 100.0, 4400.181814425399, 1581.1388300841897, 1777.054022814163], [750.066663703967, 0.0, 65854.58678026915, 31447.18151122609, 501.5974481593781, 51398.93578664835, 357.2394155185007, 755.3806987208503, 22.44994432064365, 50.99019513592785, 1021.9045943726841, 1700.0294115102834, 130.38404810405297, 2896.6532412423826, 2896.6532412423826, 3567.996636769715, 90.55385138137417, 1422.7371507063417, 911.4280004476492, 6979.9888252059545, 1972.460392504752, 755.3806987208503, 3650.342449688796, 1063.296760081587, 1038.6630830062268], [66602.8527917536, 65854.58678026915, 0.0, 37520.83587821572, 65353.12846375451, 14501.37924474772, 65498.45082137439, 66608.4829432408, 65873.99262227849, 65903.94525367962, 65705.210972951, 64156.78062371896, 65983.81922865636, 63062.191525509166, 63062.191525509166, 62362.88960591868, 65943.8822029762, 66547.01346416683, 65860.54661935323, 59214.22805373722, 64061.220718934164, 66608.4829432408, 62207.761573617165, 65260.095004527844, 64829.7379371535], [32139.354769503385, 31447.18151122609, 37520.83587821572, 0.0, 30969.38851511279, 23509.95799655967, 31101.34699655306, 32176.359722628662, 31461.93778202481, 31489.73046883698, 30984.210075456176, 29875.62760847042, 31563.864227942686, 28557.715682456117, 28557.715682456117, 27912.508396774374, 31526.79376340068, 31716.863432565333, 31163.14290953337, 24472.338037057267, 29483.77731906141, 32176.359722628662, 28079.382560875514, 30601.194829614087, 30423.700399524052], [1250.3599481749245, 501.5974481593781, 65353.12846375451, 30969.38851511279, 0.0, 50897.34177734629, 146.21901381147393, 1256.7418191498205, 520.86850547907, 550.8175741568165, 1055.712555575617, 1200.3749414245533, 630.7138812488591, 2412.343259156955, 2412.343259156955, 3075.613759885984, 590.7622195096772, 1711.4499700546319, 1029.806292464753, 6498.375489305, 1522.957648787385, 1256.7418191498205, 3150.015872975881, 871.4355971613737, 546.2792326274174], [52146.044912342106, 51398.93578664835, 14501.37924474772, 23509.95799655967, 50897.34177734629, 0.0, 51042.314406774305, 52153.61924162119, 51418.11844087646, 51448.032032333365, 51231.74747166058, 49703.24436090666, 51527.80220424698, 48592.69492423732, 48592.69492423732, 47894.04973480526, 51487.917029143835, 52070.10083531623, 51388.64272385485, 44725.093672344614, 49590.82576444962, 52153.61924162119, 47756.25194673468, 50788.679841082696, 50370.97300033026], [1104.653791918536, 357.2394155185007, 65498.45082137439, 31101.34699655306, 146.21901381147393, 51042.314406774305, 0.0, 1112.5915692652, 375.9308447041823, 405.7831933434405, 1001.7369914303854, 1346.536297319905, 485.4894437575342, 2546.3424750021354, 2546.3424750021354, 3213.7610365426985, 445.6231591827337, 1602.1039292130831, 952.4017009644617, 6631.659822397406, 1640.6888797087643, 1112.5915692652, 3296.0006067960608, 884.0022624405437, 683.3220324268785], [100.0, 755.3806987208503, 66608.4829432408, 32176.359722628662, 1256.7418191498205, 52153.61924162119, 1112.5915692652, 0.0, 736.8201951629719, 707.1067811865476, 1395.6894353687715, 2452.0399670478455, 628.0127387243033, 3640.0549446402592, 3640.0549446402592, 4317.4066289845805, 667.5327707311454, 1299.0, 1220.0823742682294, 7716.864907460801, 2692.582403567252, 0.0, 4402.22670929156, 1640.1219466856726, 1791.9042943193144], [730.0027397208862, 22.44994432064365, 65873.99262227849, 31461.93778202481, 520.86850547907, 51418.11844087646, 375.9308447041823, 736.8201951629719, 0.0, 30.066592756745816, 1014.1267179203987, 1720.0011627903045, 110.01818031580054, 2912.54253187829, 2912.54253187829, 3584.8157553771157, 70.02856560004639, 1403.7467720354693, 900.5359515310869, 6995.32043583423, 1985.6746964193303, 736.8201951629719, 3670.2185221046443, 1065.3187316479514, 1056.1178911466277], [700.0, 50.99019513592785, 65903.94525367962, 31489.73046883698, 550.8175741568165, 51448.032032333365, 405.7831933434405, 707.1067811865476, 30.066592756745816, 0.0, 1018.1105048078033, 1750.0, 80.0, 2941.0882339705486, 2941.0882339705486, 3613.86219991853, 40.0, 1388.3807114765027, 900.000555555384, 7023.503684059688, 2012.4611797498108, 707.1067811865476, 3700.2162098990916, 1081.6653826391969, 1085.5049516238976], [1317.7818484104264, 1021.9045943726841, 65705.210972951, 30984.210075456176, 1055.712555575617, 51231.74747166058, 1001.7369914303854, 1395.6894353687715, 1014.1267179203987, 1018.1105048078033, 0.0, 1890.5155381535483, 1032.932233982462, 2652.159308940547, 2652.159308940547, 3351.7083703687586, 1024.767778572297, 871.4149413453961, 185.06755523321746, 6599.1306245595715, 1653.4657541056, 1395.6894353687715, 3679.34627345674, 462.5462139073241, 1209.4048122940474], [2450.0, 1700.0294115102834, 64156.78062371896, 29875.62760847042, 1200.3749414245533, 49703.24436090666, 1346.536297319905, 2452.0399670478455, 1720.0011627903045, 1750.0, 1890.5155381535483, 0.0, 1830.0, 1382.9316685939332, 1382.9316685939332, 1967.8668654154426, 1790.0, 2727.654853532609, 1968.756206339424, 5412.218029606715, 901.3878188659974, 2452.0399670478455, 1950.4102132628407, 1460.3081866510233, 718.9026359667907], [620.0, 130.38404810405297, 65983.81922865636, 31563.864227942686, 630.7138812488591, 51527.80220424698, 485.4894437575342, 628.0127387243033, 110.01818031580054, 80.0, 1032.932233982462, 1830.0, 0.0, 3017.349830563238, 3017.349830563238, 3691.39540011633, 40.0, 1349.8151725328917, 903.4605691451067, 7098.732562929808, 2084.3224318708467, 628.0127387243033, 3780.21163428716, 1128.0070921762858, 1164.0279206273362], [3613.86219991853, 2896.6532412423826, 63062.191525509166, 28557.715682456117, 2412.343259156955, 48592.69492423732, 2546.3424750021354, 3640.0549446402592, 2912.54253187829, 2941.0882339705486, 2652.159308940547, 1382.9316685939332, 3017.349830563238, 0.0, 0.0, 700.0, 2979.194522014298, 3512.748354209279, 2801.0, 4086.0743997142295, 1000.0, 3640.0549446402592, 1244.829305567635, 2200.0, 1866.2585565778393], [3613.86219991853, 2896.6532412423826, 63062.191525509166, 28557.715682456117, 2412.343259156955, 48592.69492423732, 2546.3424750021354, 3640.0549446402592, 2912.54253187829, 2941.0882339705486, 2652.159308940547, 1382.9316685939332, 3017.349830563238, 0.0, 0.0, 700.0, 2979.194522014298, 3512.748354209279, 2801.0, 4086.0743997142295, 1000.0, 3640.0549446402592, 1244.829305567635, 2200.0, 1866.2585565778393], [4295.346318982906, 3567.996636769715, 62362.88960591868, 27912.508396774374, 3075.613759885984, 47894.04973480526, 3213.7610365426985, 4317.4066289845805, 3584.8157553771157, 3613.86219991853, 3351.7083703687586, 1967.8668654154426, 3691.39540011633, 700.0, 700.0, 0.0, 3652.6155012538616, 4210.629525379786, 3501.0, 3444.7066638539777, 1700.0, 4317.4066289845805, 882.9496021857647, 2900.0, 2530.4784132649697], [660.0, 90.55385138137417, 65943.8822029762, 31526.79376340068, 590.7622195096772, 51487.917029143835, 445.6231591827337, 667.5327707311454, 70.02856560004639, 40.0, 1024.767778572297, 1790.0, 40.0, 2979.194522014298, 2979.194522014298, 3652.6155012538616, 0.0, 1368.6493341977703, 900.8446036914469, 7061.1050126733, 2048.3163818121457, 667.5327707311454, 3740.213897626712, 1104.3550153822819, 1124.7404144957181], [1199.0, 1422.7371507063417, 66547.01346416683, 31716.863432565333, 1711.4499700546319, 52070.10083531623, 1602.1039292130831, 1299.0, 1403.7467720354693, 1388.3807114765027, 871.4149413453961, 2727.654853532609, 1349.8151725328917, 3512.748354209279, 3512.748354209279, 4210.629525379786, 1368.6493341977703, 0.0, 760.2644276828951, 7398.459907305033, 2517.816712947946, 1299.0, 4550.085823366412, 1333.941902782876, 2019.8891058669533], [1139.5617578701033, 911.4280004476492, 65860.54661935323, 31163.14290953337, 1029.806292464753, 51388.64272385485, 952.4017009644617, 1220.0823742682294, 900.5359515310869, 900.000555555384, 185.06755523321746, 1968.756206339424, 903.4605691451067, 2801.0, 2801.0, 3501.0, 900.8446036914469, 760.2644276828951, 0.0, 6769.727099374095, 1801.0, 1220.0823742682294, 3799.6053742461204, 601.0, 1266.2740619628912], [7685.024658385944, 6979.9888252059545, 59214.22805373722, 24472.338037057267, 6498.375489305, 44725.093672344614, 6631.659822397406, 7716.864907460801, 6995.32043583423, 7023.503684059688, 6599.1306245595715, 5412.218029606715, 7098.732562929808, 4086.0743997142295, 4086.0743997142295, 3444.7066638539777, 7061.1050126733, 7398.459907305033, 6769.727099374095, 0.0, 5029.513296532777, 7716.864907460801, 3740.1930431463024, 6185.143814011118, 5952.332735995191], [2657.0660511172846, 1972.460392504752, 64061.220718934164, 29483.77731906141, 1522.957648787385, 49590.82576444962, 1640.6888797087643, 2692.582403567252, 1985.6746964193303, 2012.4611797498108, 1653.4657541056, 901.3878188659974, 2084.3224318708467, 1000.0, 1000.0, 1700.0, 2048.3163818121457, 2517.816712947946, 1801.0, 5029.513296532777, 0.0, 2692.582403567252, 2085.5694665965934, 1200.0, 1005.4456723264565], [100.0, 755.3806987208503, 66608.4829432408, 32176.359722628662, 1256.7418191498205, 52153.61924162119, 1112.5915692652, 0.0, 736.8201951629719, 707.1067811865476, 1395.6894353687715, 2452.0399670478455, 628.0127387243033, 3640.0549446402592, 3640.0549446402592, 4317.4066289845805, 667.5327707311454, 1299.0, 1220.0823742682294, 7716.864907460801, 2692.582403567252, 0.0, 4402.22670929156, 1640.1219466856726, 1791.9042943193144], [4400.181814425399, 3650.342449688796, 62207.761573617165, 28079.382560875514, 3150.015872975881, 47756.25194673468, 3296.0006067960608, 4402.22670929156, 3670.2185221046443, 3700.2162098990916, 3679.34627345674, 1950.4102132628407, 3780.21163428716, 1244.829305567635, 1244.829305567635, 882.9496021857647, 3740.213897626712, 4550.085823366412, 3799.6053742461204, 3740.1930431463024, 2085.5694665965934, 4402.22670929156, 0.0, 3217.0794208412076, 2641.8026042836736], [1581.1388300841897, 1063.296760081587, 65260.095004527844, 30601.194829614087, 871.4355971613737, 50788.679841082696, 884.0022624405437, 1640.1219466856726, 1065.3187316479514, 1081.6653826391969, 462.5462139073241, 1460.3081866510233, 1128.0070921762858, 2200.0, 2200.0, 2900.0, 1104.3550153822819, 1333.941902782876, 601.0, 6185.143814011118, 1200.0, 1640.1219466856726, 3217.0794208412076, 0.0, 827.3578427742134], [1777.054022814163, 1038.6630830062268, 64829.7379371535, 30423.700399524052, 546.2792326274174, 50370.97300033026, 683.3220324268785, 1791.9042943193144, 1056.1178911466277, 1085.5049516238976, 1209.4048122940474, 718.9026359667907, 1164.0279206273362, 1866.2585565778393, 1866.2585565778393, 2530.4784132649697, 1124.7404144957181, 2019.8891058669533, 1266.2740619628912, 5952.332735995191, 1005.4456723264565, 1791.9042943193144, 2641.8026042836736, 827.3578427742134, 0.0]], 'list_estate_id': [384, 733, 796, 814, 863, 870, 1007, 1169, 1237, 1293, 1330, 1396, 1561, 1695, 1696, 1698, 1884, 2043, 2044, 2092, 2465, 2557, 2771, 3399, 3461]}}, 2: {6: {'sim_matrix': [[0.0]], 'list_estate_id': [2130]}}, 7: {5: {'sim_matrix': [[0.0]], 'list_estate_id': [4457]}}}, 80: {1: {6: {'sim_matrix': [[0.0, 80.11242100947892, 18.24828759089466], [80.11242100947892, 0.0, 81.39410298049853], [18.24828759089466, 81.39410298049853, 0.0]], 'list_estate_id': [400, 462, 1897]}}, 5: {6: {'sim_matrix': [[0.0, 20.591260281974, 26.90724809414742, 3349.5147409736833, 820.1975371823546, 2285.434094433703, 44.598206241955516], [20.591260281974, 0.0, 30.0, 3329.3430282865115, 830.0, 2268.907446327417, 25.0], [26.90724809414742, 30.0, 0.0, 3348.9737233964674, 800.0, 2296.3103013312466, 52.20153254455275], [3349.5147409736833, 3329.3430282865115, 3348.9737233964674, 0.0, 3921.17648161875, 1599.1297633400486, 3304.9357028541417], [820.1975371823546, 830.0, 800.0, 3921.17648161875, 0.0, 3045.166826300326, 850.1323426384859], [2285.434094433703, 2268.907446327417, 2296.3103013312466, 1599.1297633400486, 3045.166826300326, 0.0, 2244.525785104729], [44.598206241955516, 25.0, 52.20153254455275